23078
23074
23064
23062
23060
23042
23034
23023
23014
23013
23012
22994
22985
22976
22975
22973
22968
22954
22932
22919
22903
22900
22899
22894
22892
22847
22825
22821
22806
22795
22785
22784
22783
22777
22773
22765
22761
22751
22750
22740
22739
22730
22718
22691
22686
22674
22664
22662
22661
22659
22655
22641
22609
22607
22599
22593
22590
22588
22587
22549
22548
22524
22505
22491
22477
22460
22453
22444
22439
22438
22421
22395
22379
22373
22351
22349
22347
22332
22317
22306
22297
22295
22294
22276
22265
22252
22250
22245
22238
22236
22234
22223
22218
22200
22198
22196
22180
22177
22175
22172
22164
22159
22155
22154
22137
22134
22130
22129
22122
22119
22118
22116
22098
22092
22079
22074
22054
22045
22041
22039
22021
22020
22012
21999
21980
21979
21970
21947
21946
21945
21944
21938
21935
21930
21927
21908
21906
21902
21891
21867
21866
21865
21850
21826
21823
21817
21816
21805
21802
21787
21782
21778
21775
21750
21729
21721
21709
21682
21680
21679
21670
21650
21646
21611
21603
21595
21590
21588
21569
21535
21534
21532
21512
21496
21495
21480
21473
21456
21449
21440
21434
21432
21428
21423
21414
21412
21407
21406
21399
21393
21392
21373
21361
21349
21336
21335
21331
21317
21304
21302
21291
21290
21277
21256
21239
21211
21192
21184
21170
21163
21148
21138
21129
21117
21101
21095
21081
21077
21066
21053
21030
21014
21010
20993
20989
20974
20973
20956
20954
20928
20926
20916
20913
20909
20905
20892
20879
20854
20853
20829
20824
20815
20791
20784
20782
20777
20768
20765
20758
20755
20736
20689
20643
20637
20630
20626
20613
20612
20602
20594
20561
20557
20550
20537
20513
20511
20503
20488
20478
20469
20456
20443
20438
20422
20413
20389
20385
20353
20349
20348
20345
20326
20296
20280
20215
20161
20159
20156
20149
20137
20120
20114
20102
20091
20088
20082
20065
20042
20029
20028
