65886
65864
65843
65823
65794
65793
65792
65791
65790
65788
65787
65786
65783
65780
65761
65749
65698
65674
65656
65653
65631
65628
65604
65602
65600
65592
65567
65562
65506
65490
65482
65473
65437
65436
65430
65418
65415
65413
65411
65401
65398
65396
65360
65354
65342
65340
65335
65332
65288
65279
65273
65262
65256
65255
65241
65235
65230
65229
65219
65217
65214
65208
65199
65198
65188
65175
65162
65156
65147
65141
65101
65090
65048
65028
65014
65012
65011
65009
64988
64972
64953
64946
64936
64928
64923
64922
64921
64912
64896
64882
64881
64880
64871
64856
64852
64837
64830
64816
64814
64812
64811
64807
64806
64794
64792
64790
64788
64767
64766
64762
64756
64752
64725
64717
64712
64691
64689
64677
64672
64664
64652
64638
64626
64615
64611
64608
64607
64577
64571
64569
64567
64556
64551
64545
64529
64526
64520
64505
64503
64492
64474
64421
64417
64388
64386
64370
64368
64367
64339
64338
64332
64318
64304
64292
64251
64183
64177
64164
64127
64116
64113
64111
64109
64101
64096
64092
64035
64027
63994
63983
63974
63962
63961
63959
63943
63919
63908
63890
63887
63840
63822
63748
63743
63660
63659
63655
63605
63601
63587
63571
63566
63565
63537
63522
63517
63516
63481
63473
63467
63452
63435
63422
63414
63413
63402
63397
63389
63370
63342
63318
63267
63248
63232
63199
63181
63174
63172
63151
63100
63072
63070
63052
63044
63033
62986
62983
62982
62978
62960
62954
62948
62943
62942
62932
62924
62906
62889
62873
62866
62855
62848
62847
62842
62837
62825
62814
62763
62759
62757
62751
62738
62726
62706
62703
62699
62686
62648
62639
62594
62589
62583
62575
62572
62532
62527
62504
62493
62471
62465
62424
62412
62410
62404
62402
62393
62367
62352
62349
62325
62320
62300
62298
62289
62281
62280
62276
62248
62246
62166
62116
62101
62085
62076
62073
62038
62032
62025
61990
61972
61969
