25366
25344
25281
25267
25266
25246
25235
25234
25228
25227
25210
25189
25187
25159
25155
25145
25134
25131
25088
25004
24969
24951
24913
24873
24870
24863
24855
24851
24841
24784
24773
24760
24749
24742
24707
24658
24607
24576
24571
24557
24553
24499
24467
24456
24454
24428
24426
24414
24399
24393
24386
24385
24381
24360
24315
24314
24297
24295
24282
24238
24229
24221
24219
24211
24201
24181
24177
24174
24162
24156
24151
24134
24123
24119
24107
24080
24070
24013
24006
23981
23979
23975
23974
23971
23969
23962
23959
23912
23899
23891
23875
23865
23849
23843
23834
23822
23803
23798
23782
23780
23779
23771
23755
23749
23734
23729
23692
23685
23677
23676
23659
23620
23609
23607
23606
23579
23574
23521
23520
23511
23502
23501
23498
23497
23494
23483
23476
23475
23471
23454
23442
23426
23415
23388
23350
23348
23341
23322
23311
23298
23294
23293
23280
23276
23266
23247
23235
23194
23138
23121
23103
23091
23071
23059
23055
23048
23047
23044
23019
23005
22989
22982
22971
22944
22941
22913
22910
22899
22869
22864
22855
22801
22772
22763
22760
22725
22718
22689
22660
22651
22632
22624
22611
22610
22600
22585
22582
22532
22494
22482
22481
22475
22462
22455
22447
22433
22421
22398
22372
22353
22344
22313
22284
22283
22278
22273
22251
22242
22226
22221
22220
22219
22215
22213
22199
22168
22166
22160
22154
22139
22135
22099
22090
22075
22074
22070
22056
21991
21918
21912
21901
21875
21867
21853
21850
21845
21831
21792
21780
21763
21751
21729
21721
21706
21697
21691
21686
21684
21673
21672
21668
21642
21628
21605
21604
21588
21553
21545
21525
21524
21515
21471
21457
21440
21429
21423
21407
21399
21354
21353
21329
21320
21316
21312
21305
21259
21242
21240
21203
21194
21176
21162
21147
21146
21131
21116
21109
21097
21022
21021
21018
20946
20932
20924
20922
20909
20900
20895
20889
20883
